# Command: ./calibrate.py -r rio-mo1 -i calibration_times_rio-mo1.txt -o calibration.txt
-1.082000000000000028e+02 2.193874770642201821e-01
-1.077000000000000028e+02 2.228509174311926466e-01
-1.072000000000000028e+02 2.263812844036696970e-01
-1.067000000000000028e+02 2.304793761467890112e-01
-1.062000000000000028e+02 2.345024862385320930e-01
-1.057000000000000028e+02 2.393476330275229880e-01
-1.052000000000000028e+02 2.442578440366971748e-01
-1.047000000000000028e+02 2.501249082568807180e-01
-1.042000000000000028e+02 2.550381100917430977e-01
-1.037000000000000028e+02 2.618298715596330539e-01
-1.032000000000000028e+02 2.685954311926605498e-01
-1.027000000000000028e+02 2.761864128440366661e-01
-1.022000000000000028e+02 2.826331376146789531e-01
-1.017000000000000028e+02 2.914143394495412598e-01
-1.012000000000000028e+02 3.006287614678899711e-01
-1.007000000000000028e+02 3.105871743119265616e-01
-1.002000000000000028e+02 3.224348256880733565e-01
-9.970000000000000284e+01 3.341762018348623520e-01
-9.920000000000000284e+01 3.452181743119265844e-01
-9.870000000000000284e+01 3.581846513761468564e-01
-9.820000000000000284e+01 3.705280275229357323e-01
-9.770000000000000284e+01 3.846113302752293683e-01
-9.720000000000000284e+01 3.985319266055045717e-01
-9.670000000000000284e+01 4.142293027522935267e-01
-9.620000000000000284e+01 4.286142201834862164e-01
-9.570000000000000284e+01 4.462077522935780083e-01
-9.520000000000000284e+01 4.636139082568807024e-01
-9.470000000000000284e+01 4.827784495412842936e-01
-9.420000000000000284e+01 5.000905229357799353e-01
-9.370000000000000284e+01 5.209253027522935398e-01
-9.320000000000000284e+01 5.416407155963302023e-01
-9.270000000000000284e+01 5.642225688073394529e-01
-9.220000000000000284e+01 5.893143394495413689e-01
-9.170000000000000284e+01 6.137171651376145398e-01
-9.120000000000000284e+01 6.368398990825687722e-01
-9.070000000000000284e+01 6.625031467889909154e-01
-9.020000000000000284e+01 6.864259541284405408e-01
-8.970000000000000284e+01 7.119202385321100612e-01
-8.920000000000000284e+01 7.367595137614678658e-01
-8.870000000000000284e+01 7.647203853211009816e-01
-8.820000000000000284e+01 7.907339266055044558e-01
-8.770000000000000284e+01 8.225237798165138114e-01
-8.720000000000000284e+01 8.525657981651375561e-01
-8.670000000000000284e+01 8.895167889908257575e-01
-8.620000000000000284e+01 9.265163302752295049e-01
-8.570000000000000284e+01 9.705088440366974600e-01
-8.520000000000000284e+01 1.014538614678899053e+00
-8.470000000000000284e+01 1.066455238532109773e+00
-8.420000000000000284e+01 1.109281495412843821e+00
-8.370000000000000284e+01 1.163904972477064259e+00
-8.320000000000000284e+01 1.216398403669725070e+00
-8.270000000000000284e+01 1.277078678899082220e+00
-8.220000000000000284e+01 1.336571651376146752e+00
-8.170000000000000284e+01 1.404977541284403664e+00
-8.120000000000000284e+01 1.467908926605504760e+00
-8.070000000000000284e+01 1.541159568807339397e+00
-8.020000000000000284e+01 1.611080568807339297e+00
-7.970000000000000284e+01 1.690320926605504370e+00
-7.920000000000000284e+01 1.768549064220183542e+00
-7.870000000000000284e+01 1.859056055045871680e+00
-7.820000000000000284e+01 1.948738990825688466e+00
